0.0 0.0
0.0 0.0
0.0 0.0
0.0 0.0
0.0 0.0
0.0 0.0
0.0 0.0
0.0 0.0
0.0 0.0
0.0 0.0
0.0 0.0
0.0 0.0
0.0 0.0
0.0 0.0
0.0 0.0
0.0 0.0
0.0 0.0
0.0 0.0
0.0 0.0
0.0 0.0
0.0 0.0
0.0 0.0
0.0 0.0
0.0 0.0
0.0 0.0
0.0 0.0
0.0 0.0
0.0 0.0
0.0 0.0
0.0 0.0
0.0 0.0
0.0 0.0
0.0 0.0
0.0 0.0
0.0 0.0
0.0 0.0
0.0 0.0
0.0 0.0
0.0 0.0
0.0 0.0
0.0 0.0
0.0 0.0
0.0 0.0
0.0 0.0
0.0 0.0
0.0 0.0
0.0 0.0
0.0 0.0
0.0 0.0
0.0 0.0
0.0 0.0
0.0 0.0
0.0 0.0
0.0 0.0
0.0 0.0
0.0 0.0
0.0 0.0
0.0 0.0
0.0 0.0
0.0 0.0
0.0 0.0
0.0 0.0
0.0 0.0
0.0 0.0
0.0 0.0
0.0 0.0
0.0 0.0
0.0 0.0
0.0 0.0
0.0 0.0
0.0 0.0
0.0 0.0
0.0 0.0
0.0 0.0
0.0 0.0
0.0 0.0
0.0 0.0
0.0 0.0
0.0 0.0
0.0 0.0
0.0 0.0
0.0 0.0
0.0 0.0
0.0 0.0
0.0 0.0
0.0 0.0
0.0 0.0
0.0 0.0
0.0 0.0
0.0 0.0
0.0 0.0
0.0 0.0
0.0 0.0
0.0 0.0
0.0 0.0
0.0 0.0
0.0 0.0
0.0 0.0
0.0 0.0
0.0 0.0
0.047417498 0.047417498
0.048183954 0.048183954
0.048905937 0.048905937
0.049590929 0.049590929
0.050427002 0.050427002
0.051386823 0.051386823
0.052464773 0.052464773
0.053649576 0.053649576
0.054876135 0.054876135
0.056237548 0.056237548
0.057794216 0.057794216
0.059429188 0.059429188
0.06118109 0.06118109
0.063124763 0.063124763
0.065429262 0.065429262
0.067766524 0.067766524
0.070107644 0.070107644
0.072591255 0.072591255
0.075387098 0.075387098
0.07833295 0.07833295
0.081228161 0.081228161
0.08426014 0.08426014
0.087421088 0.087421088
0.090625976 0.090625976
0.093611605 0.093611605
0.096686894 0.096686894
0.099810117 0.099810117
0.102503854 0.102503854
0.105219297 0.105219297
0.107907277 0.107907277
0.110316908 0.110316908
0.112632382 0.112632382
0.114784637 0.114784637
0.116669231 0.116669231
0.118231365 0.118231365
0.119674099 0.119674099
0.121087018 0.121087018
0.122300423 0.122300423
0.123374968 0.123374968
0.124309891 0.124309891
0.125049926 0.125049926
0.125702079 0.125702079
0.126324514 0.126324514
0.12694908 0.12694908
0.127482099 0.127482099
0.128016132 0.128016132
0.128616644 0.128616644
0.129115003 0.129115003
0.129652079 0.129652079
0.130233324 0.130233324
0.130583026 0.130583026
0.13092734 0.13092734
0.131257004 0.131257004
0.131402497 0.131402497
0.131391202 0.131391202
0.131246044 0.131246044
0.130977709 0.130977709
0.130450174 0.130450174
0.129704923 0.129704923
0.128799945 0.128799945
0.127748118 0.127748118
0.126608014 0.126608014
0.125396407 0.125396407
0.124068934 0.124068934
0.122653657 0.122653657
0.121159663 0.121159663
0.11958901 0.11958901
0.117872177 0.117872177
0.116038813 0.116038813
0.114145769 0.114145769
0.112193634 0.112193634
0.110214253 0.110214253
0.108226446 0.108226446
0.106178173 0.106178173
0.104242754 0.104242754
0.102452116 0.102452116
0.100646689 0.100646689
0.098995353 0.098995353
0.097487374 0.097487374
0.096029119 0.096029119
0.094688395 0.094688395
0.09343175 0.09343175
0.092217101 0.092217101
0.091081071 0.091081071
0.090026104 0.090026104
0.089040309 0.089040309
0.088079256 0.088079256
0.08717647 0.08717647
0.086359824 0.086359824
0.085669036 0.085669036
0.085005486 0.085005486
0.084396334 0.084396334
0.083905904 0.083905904
0.083349354 0.083349354
0.082852674 0.082852674
0.082522081 0.082522081
0.08211402 0.08211402
0.081723934 0.081723934
0.0813982 0.0813982
0.081060567 0.081060567
0.080700212 0.080700212
0.080328541 0.080328541
0.079985424 0.079985424
0.079526972 0.079526972
0.07899805 0.07899805
0.078500067 0.078500067
0.077931288 0.077931288
0.077299184 0.077299184
0.076626346 0.076626346
0.075937095 0.075937095
0.075190002 0.075190002
0.074393664 0.074393664
0.073652771 0.073652771
0.072879931 0.072879931
0.072082476 0.072082476
0.071326646 0.071326646
0.070581621 0.070581621
0.069868065 0.069868065
0.069216514 0.069216514
0.068628786 0.068628786
0.068042188 0.068042188
0.067436075 0.067436075
0.06692561 0.06692561
0.066514474 0.066514474
0.066183923 0.066183923
0.065885133 0.065885133
0.065608074 0.065608074
0.065388617 0.065388617
0.065281348 0.065281348
0.065173907 0.065173907
0.065081879 0.065081879
0.065025985 0.065025985
0.064916881 0.064916881
0.064755935 0.064755935
0.064548358 0.064548358
0.064304697 0.064304697
0.063922679 0.063922679
0.063412522 0.063412522
0.062890543 0.062890543
0.062245825 0.062245825
0.061530101 0.061530101
0.060834164 0.060834164
0.059979159 0.059979159
0.059107056 0.059107056
0.058340258 0.058340258
0.057528323 0.057528323
0.056702131 0.056702131
0.055904268 0.055904268
0.05519907 0.05519907
0.054516027 0.054516027
0.053904813 0.053904813
0.053496813 0.053496813
0.053103223 0.053103223
0.05269975 0.05269975
0.052306679 0.052306679
0.051905887 0.051905887
0.05152755 0.05152755
0.051151107 0.051151107
0.050579899 0.050579899
0.050015514 0.050015514
0.049501187 0.049501187
0.0488824 0.0488824
0.048294337 0.048294337
0.047733421 0.047733421
0.047143904 0.047143904
0.046652207 0.046652207
0.046233418 0.046233418
0.045851018 0.045851018
0.045575139 0.045575139
0.04535913 0.04535913
0.04520407 0.04520407
0.045243195 0.045243195
0.045314379 0.045314379
0.045408141 0.045408141
0.045633957 0.045633957
0.045888924 0.045888924
0.046173851 0.046173851
0.046525318 0.046525318
0.046989374 0.046989374
0.047513258 0.047513258
0.048062354 0.048062354
0.048697891 0.048697891
0.049408139 0.049408139
0.050197952 0.050197952
0.05109028 0.05109028
0.052113774 0.052113774
0.05328202 0.05328202
0.054605273 0.054605273
0.05616247 0.05616247
0.058086232 0.058086232
0.060503071 0.060503071
0.063426086 0.063426086
0.06702355 0.06702355
0.071413666 0.071413666
0.076614829 0.076614829
0.082663906 0.082663906
0.089536407 0.089536407
0.097149711 0.097149711
0.10543852 0.10543852
0.114328931 0.114328931
0.123727059 0.123727059
0.133524838 0.133524838
0.143558908 0.143558908
0.153690293 0.153690293
0.1638773 0.1638773
0.173981163 0.173981163
0.183960387 0.183960387
0.19390413 0.19390413
0.203651726 0.203651726
0.213217919 0.213217919
0.222702541 0.222702541
0.232090946 0.232090946
0.241382579 0.241382579
0.250574043 0.250574043
0.259646605 0.259646605
0.268661566 0.268661566
0.277630536 0.277630536
0.286484084 0.286484084
0.295263729 0.295263729
0.303948868 0.303948868
0.312484802 0.312484802
0.320894378 0.320894378
0.329157077 0.329157077
0.337244217 0.337244217
0.345077944 0.345077944
0.352730416 0.352730416
0.360237949 0.360237949
0.367494327 0.367494327
0.374474499 0.374474499
0.381187649 0.381187649
0.387662775 0.387662775
0.393855397 0.393855397
0.399751838 0.399751838
0.405355403 0.405355403
0.410707022 0.410707022
0.415754083 0.415754083
0.420469579 0.420469579
0.424938498 0.424938498
0.429144875 0.429144875
0.433073223 0.433073223
0.436699658 0.436699658
0.440059389 0.440059389
0.443185994 0.443185994
0.446103489 0.446103489
0.448713715 0.448713715
0.451092067 0.451092067
0.453305064 0.453305064
0.455285426 0.455285426
0.457045099 0.457045099
0.458608629 0.458608629
0.460024666 0.460024666
0.461279049 0.461279049
0.462381123 0.462381123
0.463353887 0.463353887
0.464251208 0.464251208
0.465040377 0.465040377
0.465696394 0.465696394
0.466307574 0.466307574
0.466848359 0.466848359
0.467310415 0.467310415
0.467725609 0.467725609
0.468072292 0.468072292
0.468356287 0.468356287
0.468598454 0.468598454
0.468805183 0.468805183
0.468977903 0.468977903
0.469114954 0.469114954
0.469207125 0.469207125
0.469278367 0.469278367
0.469341953 0.469341953
0.469392721 0.469392721
0.469412218 0.469412218
0.469405096 0.469405096
0.469391918 0.469391918
0.46939503 0.46939503
0.469411947 0.469411947
0.469436433 0.469436433
0.469487591 0.469487591
0.469511297 0.469511297
0.469499092 0.469499092
0.469530424 0.469530424
0.46960315 0.46960315
0.469676024 0.469676024
0.469678827 0.469678827
0.469645417 0.469645417
0.469633222 0.469633222
0.469685649 0.469685649
0.469756072 0.469756072
0.469813768 0.469813768
0.469852878 0.469852878
0.469914838 0.469914838
0.469927183 0.469927183
0.469926893 0.469926893
0.470007915 0.470007915
0.470087501 0.470087501
0.470156829 0.470156829
0.470213611 0.470213611
0.470211625 0.470211625
0.470225808 0.470225808
0.470283789 0.470283789
0.470335572 0.470335572
0.47040329 0.47040329
0.470470596 0.470470596
0.470506377 0.470506377
0.470530855 0.470530855
0.470559647 0.470559647
0.470604058 0.470604058
0.47066543 0.47066543
0.470724217 0.470724217
0.470768145 0.470768145
0.470790953 0.470790953
0.470846444 0.470846444
0.470908361 0.470908361
0.470928789 0.470928789
0.471001102 0.471001102
0.471055456 0.471055456
0.471047194 0.471047194
0.471062623 0.471062623
0.471060217 0.471060217
0.471054899 0.471054899
0.471115105 0.471115105
0.471176771 0.471176771
0.471217935 0.471217935
0.471234768 0.471234768
0.471257947 0.471257947
0.471273344 0.471273344
0.471278363 0.471278363
0.471306773 0.471306773
0.471315223 0.471315223
0.47131119 0.47131119
0.471331792 0.471331792
0.471319579 0.471319579
0.471305143 0.471305143
0.471319198 0.471319198
0.471311448 0.471311448
0.471287416 0.471287416
0.471261618 0.471261618
0.471259685 0.471259685
0.471274456 0.471274456
0.471297609 0.471297609
0.471316961 0.471316961
0.471312771 0.471312771
0.471281425 0.471281425
0.47124179 0.47124179
0.471269177 0.471269177
0.471297756 0.471297756
0.471296585 0.471296585
0.471262812 0.471262812
0.471274246 0.471274246
0.471306274 0.471306274
0.471313502 0.471313502
0.471302869 0.471302869
0.471274148 0.471274148
0.471248622 0.471248622
0.471290219 0.471290219
0.471312681 0.471312681
0.471300356 0.471300356
0.471269945 0.471269945
0.471229162 0.471229162
0.471217466 0.471217466
0.471235385 0.471235385
0.471155811 0.471155811
0.471139809 0.471139809
0.471186246 0.471186246
0.47116275 0.47116275
0.471158529 0.471158529
0.471161143 0.471161143
0.471138897 0.471138897
0.471079867 0.471079867
0.471035595 0.471035595
0.471024554 0.471024554
0.47101435 0.47101435
0.471049102 0.471049102
0.471053182 0.471053182
0.47094052 0.47094052
0.470943344 0.470943344
0.470932402 0.470932402
0.47084531 0.47084531
0.470866297 0.470866297
0.470830107 0.470830107
0.470751495 0.470751495
0.470744486 0.470744486
0.470746669 0.470746669
0.47073254 0.47073254
0.470692247 0.470692247
0.470641824 0.470641824
0.470616656 0.470616656
0.470597354 0.470597354
0.470513581 0.470513581
0.470452933 0.470452933
0.470422736 0.470422736
0.470405686 0.470405686
0.470379895 0.470379895
0.470340219 0.470340219
0.470279032 0.470279032
0.470180827 0.470180827
0.470130079 0.470130079
0.470112009 0.470112009
0.470077168 0.470077168
0.470010679 0.470010679
0.469946919 0.469946919
0.4699038 0.4699038
0.469867021 0.469867021
0.469787558 0.469787558
0.469697127 0.469697127
0.469658216 0.469658216
0.469633813 0.469633813
0.469609023 0.469609023
0.469568974 0.469568974
0.469487373 0.469487373
0.469418749 0.469418749
0.469372665 0.469372665
0.469330637 0.469330637
0.469255453 0.469255453
0.469184933 0.469184933
0.469136029 0.469136029
0.469035195 0.469035195
0.468950589 0.468950589
0.468882426 0.468882426
0.468789411 0.468789411
0.468701615 0.468701615
0.468633575 0.468633575
0.468581447 0.468581447
0.468494145 0.468494145
0.468421779 0.468421779
0.468345923 0.468345923
0.468198832 0.468198832
0.467988432 0.467988432
0.467832355 0.467832355
0.467785673 0.467785673
0.467643653 0.467643653
0.467491569 0.467491569
0.467345995 0.467345995
0.467173267 0.467173267
0.467018523 0.467018523
0.466876714 0.466876714
0.466722229 0.466722229
0.466497532 0.466497532
0.466258999 0.466258999
0.466036545 0.466036545
0.465837882 0.465837882
0.465652881 0.465652881
0.46547253 0.46547253
0.465283695 0.465283695
0.465061778 0.465061778
0.464808088 0.464808088
0.464518504 0.464518504
0.46418812 0.46418812
0.463845802 0.463845802
0.463530184 0.463530184
0.463245986 0.463245986
0.462914167 0.462914167
0.462498666 0.462498666
0.462052745 0.462052745
0.461676901 0.461676901
0.461245217 0.461245217
0.46083018 0.46083018
0.460473692 0.460473692
0.4600699 0.4600699
0.459708692 0.459708692
0.459382458 0.459382458
0.459045915 0.459045915
0.458784869 0.458784869
0.458536178 0.458536178
0.458274648 0.458274648
0.458088784 0.458088784
0.457829238 0.457829238
0.457602781 0.457602781
0.457558561 0.457558561
0.45739403 0.45739403
0.457154933 0.457154933
0.456951404 0.456951404
0.456947672 0.456947672
0.456875965 0.456875965
0.456729176 0.456729176
0.456586215 0.456586215
0.456506256 0.456506256
0.45642041 0.45642041
0.45632921 0.45632921
0.456306088 0.456306088
0.4562577 0.4562577
0.456199585 0.456199585
0.456149925 0.456149925
0.456038753 0.456038753
0.456027703 0.456027703
0.456103088 0.456103088
0.45613659 0.45613659
0.456160065 0.456160065
0.456211871 0.456211871
0.456263109 0.456263109
0.456117345 0.456117345
0.456140204 0.456140204
0.456227958 0.456227958
0.456165868 0.456165868
0.45634814 0.45634814
0.456465323 0.456465323
0.456440411 0.456440411
0.456538744 0.456538744
0.456548875 0.456548875
0.456519438 0.456519438
0.456545139 0.456545139
0.456570478 0.456570478
0.456595612 0.456595612
0.45672322 0.45672322
0.456914216 0.456914216
0.456995683 0.456995683
0.457115208 0.457115208
0.457248244 0.457248244
0.457299239 0.457299239
0.457408594 0.457408594
0.457555925 0.457555925
0.457646818 0.457646818
0.457727264 0.457727264
0.457739338 0.457739338
0.457824009 0.457824009
0.457967867 0.457967867
0.458092876 0.458092876
0.458206793 0.458206793
0.458424761 0.458424761
0.458548426 0.458548426
0.45858363 0.45858363
0.458669016 0.458669016
0.458659986 0.458659986
0.458681661 0.458681661
0.45879496 0.45879496
0.458911572 0.458911572
0.459062059 0.459062059
0.459209431 0.459209431
0.459429055 0.459429055
0.459532882 0.459532882
0.459605276 0.459605276
0.459641176 0.459641176
0.459589781 0.459589781
0.459541769 0.459541769
0.459637875 0.459637875
0.459714164 0.459714164
0.459831029 0.459831029
0.459947641 0.459947641
0.459884427 0.459884427
0.4598762 0.4598762
0.459961157 0.459961157
0.46001021 0.46001021
0.460075934 0.460075934
0.460237519 0.460237519
0.460286237 0.460286237
0.460216956 0.460216956
0.460246142 0.460246142
0.460286823 0.460286823
0.460353021 0.460353021
0.460444472 0.460444472
0.460594767 0.460594767
0.460619522 0.460619522
0.460569151 0.460569151
0.460569729 0.460569729
0.460516973 0.460516973
0.460548235 0.460548235
0.460618982 0.460618982
0.460650856 0.460650856
0.460666221 0.460666221
0.460699144 0.460699144
0.46076058 0.46076058
0.460747837 0.460747837
0.46069411 0.46069411
0.460655882 0.460655882
0.46060588 0.46060588
0.460541265 0.460541265
0.460565751 0.460565751
0.460565357 0.460565357
0.460475048 0.460475048
0.460461791 0.460461791
0.460459654 0.460459654
0.46048066 0.46048066
0.460454841 0.460454841
0.460438389 0.460438389
0.460402773 0.460402773
0.460304858 0.460304858
0.460270012 0.460270012
0.460324632 0.460324632
0.460291274 0.460291274
0.460247092 0.460247092
0.460122405 0.460122405
0.460021788 0.460021788
0.459940872 0.459940872
0.459896696 0.459896696
0.459878667 0.459878667
0.459817919 0.459817919
0.459731054 0.459731054
0.45965411 0.45965411
0.459565941 0.459565941
0.459484372 0.459484372
0.459421248 0.459421248
0.45930894 0.45930894
0.459158556 0.459158556
0.459041315 0.459041315
0.458895483 0.458895483
0.458792512 0.458792512
0.458761366 0.458761366
0.458647519 0.458647519
0.458502951 0.458502951
0.458388595 0.458388595
0.45822426 0.45822426
0.458084367 0.458084367
0.457943663 0.457943663
0.457806123 0.457806123
0.457672756 0.457672756
0.457576246 0.457576246
0.457423289 0.457423289
0.457233898 0.457233898
0.457075336 0.457075336
0.456898936 0.456898936
0.456711121 0.456711121
0.456515715 0.456515715
0.456383801 0.456383801
0.456221301 0.456221301
0.456013568 0.456013568
0.455843061 0.455843061
0.45568565 0.45568565
0.455479903 0.455479903
0.455239806 0.455239806
0.455012892 0.455012892
0.454759622 0.454759622
0.454516675 0.454516675
0.45432185 0.45432185
0.454041549 0.454041549
0.453711122 0.453711122
0.453396363 0.453396363
0.453036697 0.453036697
0.452684011 0.452684011
0.452370588 0.452370588
0.452018551 0.452018551
0.451602507 0.451602507
0.451138526 0.451138526
0.450633448 0.450633448
0.450057431 0.450057431
0.449511027 0.449511027
0.44897634 0.44897634
0.44834812 0.44834812
0.447694436 0.447694436
0.446990347 0.446990347
0.446208228 0.446208228
0.445418539 0.445418539
0.44462685 0.44462685
0.443778209 0.443778209
0.442833166 0.442833166
0.441937728 0.441937728
0.441052063 0.441052063
0.440140556 0.440140556
0.439198192 0.439198192
0.438299831 0.438299831
0.437402436 0.437402436
0.436449126 0.436449126
0.435609649 0.435609649
0.4348594 0.4348594
0.434065981 0.434065981
0.433242536 0.433242536
0.432545033 0.432545033
0.431889822 0.431889822
0.431267164 0.431267164
0.430744058 0.430744058
0.430225094 0.430225094
0.42965827 0.42965827
0.429204709 0.429204709
0.428889247 0.428889247
0.428525422 0.428525422
0.428170314 0.428170314
0.427851139 0.427851139
0.42756632 0.42756632
0.427271046 0.427271046
0.427019656 0.427019656
0.426842731 0.426842731
0.42664085 0.42664085
0.426425722 0.426425722
0.42623788 0.42623788
0.426072689 0.426072689
0.425917862 0.425917862
0.425793028 0.425793028
0.425637185 0.425637185
0.425472448 0.425472448
0.425325196 0.425325196
0.425171918 0.425171918
0.425012185 0.425012185
0.424853469 0.424853469
0.424721599 0.424721599
0.424566787 0.424566787
0.424407715 0.424407715
0.424257875 0.424257875
0.424133371 0.424133371
0.423974086 0.423974086
0.423779143 0.423779143
0.423634112 0.423634112
0.423496544 0.423496544
0.423366112 0.423366112
0.423260542 0.423260542
0.423161463 0.423161463
0.423065423 0.423065423
0.422973087 0.422973087
0.422900449 0.422900449
0.422824135 0.422824135
0.422717847 0.422717847
0.422655328 0.422655328
0.422617496 0.422617496
0.422605139 0.422605139
0.422573671 0.422573671
0.422556021 0.422556021
0.422542511 0.422542511
0.422508962 0.422508962
0.422513175 0.422513175
0.422550724 0.422550724
0.422582234 0.422582234
0.422609284 0.422609284
0.422670791 0.422670791
0.422774637 0.422774637
0.422841577 0.422841577
0.422895581 0.422895581
0.422981725 0.422981725
0.423074649 0.423074649
0.423153159 0.423153159
0.423222636 0.423222636
0.423342733 0.423342733
0.423490205 0.423490205
0.423611725 0.423611725
0.423742075 0.423742075
0.423919397 0.423919397
0.424075473 0.424075473
0.424197228 0.424197228
0.424336815 0.424336815
0.424511648 0.424511648
0.424662488 0.424662488
0.424790183 0.424790183
0.424918408 0.424918408
0.425058468 0.425058468
0.4251822 0.4251822
0.425280193 0.425280193
0.425387101 0.425387101
0.425503921 0.425503921
0.425605812 0.425605812
0.425681805 0.425681805
0.425781417 0.425781417
0.425908392 0.425908392
0.426002018 0.426002018
0.426085968 0.426085968
0.426171592 0.426171592
0.426253727 0.426253727
0.42630705 0.42630705
0.426381081 0.426381081
0.426478624 0.426478624
0.426552793 0.426552793
0.426613512 0.426613512
0.426674568 0.426674568
0.426742842 0.426742842
0.426785198 0.426785198
0.426802929 0.426802929
0.426834013 0.426834013
0.426852946 0.426852946
0.426878573 0.426878573
0.42691653 0.42691653
0.426947595 0.426947595
0.426969992 0.426969992
0.426997964 0.426997964
0.427054778 0.427054778
0.427069557 0.427069557
0.427048905 0.427048905
0.427043224 0.427043224
0.42702997 0.42702997
0.426986257 0.426986257
0.426970306 0.426970306
0.426994597 0.426994597
0.426954058 0.426954058
0.426878562 0.426878562
0.426821247 0.426821247
0.426741634 0.426741634
0.426667796 0.426667796
0.426611995 0.426611995
0.426537238 0.426537238
0.426459699 0.426459699
0.426349008 0.426349008
0.426193654 0.426193654
0.426080255 0.426080255
0.425976263 0.425976263
0.425847531 0.425847531
0.42574215 0.42574215
0.425618412 0.425618412
0.425450771 0.425450771
0.425287687 0.425287687
0.425150322 0.425150322
0.424979955 0.424979955
0.424788094 0.424788094
0.42455257 0.42455257
0.424369473 0.424369473
0.424205249 0.424205249
0.423993579 0.423993579
0.423801141 0.423801141
0.423562668 0.423562668
0.423255661 0.423255661
0.422972028 0.422972028
0.422703143 0.422703143
0.422396983 0.422396983
0.422046963 0.422046963
0.421726621 0.421726621
0.421431272 0.421431272
0.421080393 0.421080393
0.420717984 0.420717984
0.420339241 0.420339241
0.419896705 0.419896705
0.419475813 0.419475813
0.41910793 0.41910793
0.418670205 0.418670205
0.41818521 0.41818521
0.417699416 0.417699416
0.417190285 0.417190285
0.416633715 0.416633715
0.416085652 0.416085652
0.415554533 0.415554533
0.414973669 0.414973669
0.414361545 0.414361545
0.413735458 0.413735458
0.413109667 0.413109667
0.412415869 0.412415869
0.41166944 0.41166944
0.410932023 0.410932023
0.410171742 0.410171742
0.409379944 0.409379944
0.408583137 0.408583137
0.407767066 0.407767066
0.40693004 0.40693004
0.406048882 0.406048882
0.405144424 0.405144424
0.404229411 0.404229411
0.403279334 0.403279334
0.402315386 0.402315386
0.401354322 0.401354322
0.400373193 0.400373193
0.399372927 0.399372927
0.39833782 0.39833782
0.397311633 0.397311633
0.396275621 0.396275621
0.395245897 0.395245897
0.394222976 0.394222976
0.393174141 0.393174141
0.392116639 0.392116639
0.391066188 0.391066188
0.389991243 0.389991243
0.388941309 0.388941309
0.387899403 0.387899403
0.386878674 0.386878674
0.385881729 0.385881729
0.384869007 0.384869007
0.383843428 0.383843428
0.382866087 0.382866087
0.381924835 0.381924835
0.380942423 0.380942423
0.379943621 0.379943621
0.378995303 0.378995303
0.378063276 0.378063276
0.377100365 0.377100365
0.376163894 0.376163894
0.375231685 0.375231685
0.374287754 0.374287754
0.373302889 0.373302889
0.372325159 0.372325159
0.371335347 0.371335347
0.370313005 0.370313005
0.369265278 0.369265278
0.36817456 0.36817456
0.367103619 0.367103619
0.36593341 0.36593341
0.364710744 0.364710744
0.363388875 0.363388875
0.362019824 0.362019824
0.360551397 0.360551397
0.359017608 0.359017608
0.357347425 0.357347425
0.355608964 0.355608964
0.353726857 0.353726857
0.351746582 0.351746582
0.349566145 0.349566145
0.347266261 0.347266261
0.344774281 0.344774281
0.34212549 0.34212549
0.339250272 0.339250272
0.336203708 0.336203708
0.33294822 0.33294822
0.329501504 0.329501504
0.325800535 0.325800535
0.321848577 0.321848577
0.317757041 0.317757041
0.313469899 0.313469899
0.308987729 0.308987729
0.304275528 0.304275528
0.299511471 0.299511471
0.294623358 0.294623358
0.289473407 0.289473407
0.284295327 0.284295327
0.27901088 0.27901088
0.273716667 0.273716667
0.268273574 0.268273574
0.262903411 0.262903411
0.257493595 0.257493595
0.252215627 0.252215627
0.246910529 0.246910529
0.241732433 0.241732433
0.236624904 0.236624904
0.231685706 0.231685706
0.226807083 0.226807083
0.222119638 0.222119638
0.217585211 0.217585211
0.213252897 0.213252897
0.209050489 0.209050489
0.205038058 0.205038058
0.201225742 0.201225742
0.197601548 0.197601548
0.1941438 0.1941438
0.190873818 0.190873818
0.18781829 0.18781829
0.184927635 0.184927635
0.182204789 0.182204789
0.179634444 0.179634444
0.177263976 0.177263976
0.175016343 0.175016343
0.172926903 0.172926903
0.170950726 0.170950726
0.169101153 0.169101153
0.167393102 0.167393102
0.165821626 0.165821626
0.164313085 0.164313085
0.162939179 0.162939179
0.161649649 0.161649649
0.160426326 0.160426326
0.159321847 0.159321847
0.158267691 0.158267691
0.157300014 0.157300014
0.156398412 0.156398412
0.155564336 0.155564336
0.154788215 0.154788215
0.154092728 0.154092728
0.15344233 0.15344233
0.152849302 0.152849302
0.15230051 0.15230051
0.151808476 0.151808476
0.151365612 0.151365612
0.150973664 0.150973664
0.150615467 0.150615467
0.150320912 0.150320912
0.150039167 0.150039167
0.149768636 0.149768636
0.149560295 0.149560295
0.149412876 0.149412876
0.149268017 0.149268017
0.149154611 0.149154611
0.149072648 0.149072648
0.149011801 0.149011801
0.148971128 0.148971128
0.148965324 0.148965324
0.14898488 0.14898488
0.14901416 0.14901416
0.149078736 0.149078736
0.149182183 0.149182183
0.149311182 0.149311182
0.149452517 0.149452517
0.149643024 0.149643024
0.14986743 0.14986743
0.150138995 0.150138995
0.150464254 0.150464254
0.150812195 0.150812195
0.151204117 0.151204117
0.151656876 0.151656876
0.152148706 0.152148706
0.152703048 0.152703048
0.153312331 0.153312331
0.153948469 0.153948469
0.154637729 0.154637729
0.155369406 0.155369406
0.156148004 0.156148004
0.156975695 0.156975695
0.157843819 0.157843819
0.158767661 0.158767661
0.159700763 0.159700763
0.160665524 0.160665524
0.161663591 0.161663591
0.162692116 0.162692116
0.163731109 0.163731109
0.164807274 0.164807274
0.165895359 0.165895359
0.166992336 0.166992336
0.168110282 0.168110282
0.169257794 0.169257794
0.170411684 0.170411684
0.171575552 0.171575552
0.172752225 0.172752225
0.173957531 0.173957531
0.17515134 0.17515134
0.176347554 0.176347554
0.177549451 0.177549451
0.178743396 0.178743396
0.179959331 0.179959331
0.181198809 0.181198809
0.182421545 0.182421545
0.183644941 0.183644941
0.184882894 0.184882894
0.18613015 0.18613015
0.187361369 0.187361369
0.188585802 0.188585802
0.189827777 0.189827777
0.191072012 0.191072012
0.192302177 0.192302177
0.193549024 0.193549024
0.194790262 0.194790262
0.19601371 0.19601371
0.197229317 0.197229317
0.198438553 0.198438553
0.199656875 0.199656875
0.200876061 0.200876061
0.202077652 0.202077652
0.203281362 0.203281362
0.204485204 0.204485204
0.205675023 0.205675023
0.206854221 0.206854221
0.208031948 0.208031948
0.209208534 0.209208534
0.210380536 0.210380536
0.211527737 0.211527737
0.212670003 0.212670003
0.213830821 0.213830821
0.214960789 0.214960789
0.216091389 0.216091389
0.217220821 0.217220821
0.218318177 0.218318177
0.21941837 0.21941837
0.220487986 0.220487986
0.221543288 0.221543288
0.222628032 0.222628032
0.223691476 0.223691476
0.224737555 0.224737555
0.225786983 0.225786983
0.226812963 0.226812963
0.227830989 0.227830989
0.228833729 0.228833729
0.229831281 0.229831281
0.230816348 0.230816348
0.231805683 0.231805683
0.232804103 0.232804103
0.233758326 0.233758326
0.234686689 0.234686689
0.235626666 0.235626666
0.236543372 0.236543372
0.237459687 0.237459687
0.238393089 0.238393089
0.2393013 0.2393013
0.240182827 0.240182827
0.241067822 0.241067822
0.241956693 0.241956693
0.242820008 0.242820008
0.24366168 0.24366168
0.244504028 0.244504028
0.24533762 0.24533762
0.246164616 0.246164616
0.246989907 0.246989907
0.247799265 0.247799265
0.248593776 0.248593776
0.249381808 0.249381808
0.250161762 0.250161762
0.250926217 0.250926217
0.251680109 0.251680109
0.252424132 0.252424132
0.253152654 0.253152654
0.253876992 0.253876992
0.254595294 0.254595294
0.255297744 0.255297744
0.255990862 0.255990862
0.256670313 0.256670313
0.257324901 0.257324901
0.2579951 0.2579951
0.258663474 0.258663474
0.259328846 0.259328846
0.260004001 0.260004001
0.260662959 0.260662959
0.261312268 0.261312268
0.261952672 0.261952672
0.262580582 0.262580582
0.263213152 0.263213152
0.263846463 0.263846463
0.264464732 0.264464732
0.265073748 0.265073748
0.265686194 0.265686194
0.266296922 0.266296922
0.266889092 0.266889092
0.26747846 0.26747846
0.268059646 0.268059646
0.268617207 0.268617207
0.269179491 0.269179491
0.269747691 0.269747691
0.270304399 0.270304399
0.270839745 0.270839745
0.271394072 0.271394072
0.271976506 0.271976506
0.272513961 0.272513961
0.273024983 0.273024983
0.273554589 0.273554589
0.274067871 0.274067871
0.274576997 0.274576997
0.275110695 0.275110695
0.275618782 0.275618782
0.276092139 0.276092139
0.27657656 0.27657656
0.277072015 0.277072015
0.277547398 0.277547398
0.277998424 0.277998424
0.278466218 0.278466218
0.278946795 0.278946795
0.27939839 0.27939839
0.279840847 0.279840847
0.280283823 0.280283823
0.280713074 0.280713074
0.281128499 0.281128499
0.281535689 0.281535689
0.281952656 0.281952656
0.282363324 0.282363324
0.282753112 0.282753112
0.28314754 0.28314754
0.283535003 0.283535003
0.283901563 0.283901563
0.284256047 0.284256047
0.284610445 0.284610445
0.284954384 0.284954384
0.285276494 0.285276494
0.285588967 0.285588967
0.28589599 0.28589599
0.286202931 0.286202931
0.286503417 0.286503417
0.28677878 0.28677878
0.28705435 0.28705435
0.287308573 0.287308573
0.28752956 0.28752956
0.287743512 0.287743512
0.287960283 0.287960283
0.288141866 0.288141866
0.288286813 0.288286813
0.288430258 0.288430258
0.288577987 0.288577987
0.288669318 0.288669318
0.288733823 0.288733823
0.288768079 0.288768079
0.288742649 0.288742649
0.288723118 0.288723118
0.288707388 0.288707388
0.288637589 0.288637589
0.288514617 0.288514617
0.288417933 0.288417933
0.288299376 0.288299376
0.288179449 0.288179449
0.288068604 0.288068604
0.287955441 0.287955441
0.287801756 0.287801756
0.287708178 0.287708178
0.287637921 0.287637921
0.287608262 0.287608262
0.287610102 0.287610102
0.287648879 0.287648879
0.28773825 0.28773825
0.287829949 0.287829949
0.287930678 0.287930678
0.288092497 0.288092497
0.288296566 0.288296566
0.288506808 0.288506808
0.288772982 0.288772982
0.289022221 0.289022221
0.289270336 0.289270336
0.289517506 0.289517506
0.289795584 0.289795584
0.290019449 0.290019449
0.290210593 0.290210593
0.290401752 0.290401752
0.290587599 0.290587599
0.29072088 0.29072088
0.290838425 0.290838425
0.290909646 0.290909646
0.290922952 0.290922952
0.290926966 0.290926966
0.290914979 0.290914979
0.290858075 0.290858075
0.290761501 0.290761501
0.290646445 0.290646445
0.290506253 0.290506253
0.290319011 0.290319011
0.290084845 0.290084845
0.289870951 0.289870951
0.289633674 0.289633674
0.28937044 0.28937044
0.289111078 0.289111078
0.288819752 0.288819752
0.28849032 0.28849032
0.288184245 0.288184245
0.287880211 0.287880211
0.287554099 0.287554099
0.287220802 0.287220802
0.286865751 0.286865751
0.286514084 0.286514084
0.286202261 0.286202261
0.285858491 0.285858491
0.285500816 0.285500816
0.285168699 0.285168699
0.284834985 0.284834985
0.284487025 0.284487025
0.284181306 0.284181306
0.283834324 0.283834324
0.283408859 0.283408859
0.28303081 0.28303081
0.282685363 0.282685363
0.282310235 0.282310235
0.281932685 0.281932685
0.281564557 0.281564557
0.281183698 0.281183698
0.280795836 0.280795836
0.280424969 0.280424969
0.280038785 0.280038785
0.27960819 0.27960819
0.279215416 0.279215416
0.278857309 0.278857309
0.278475195 0.278475195
0.278089604 0.278089604
0.277710278 0.277710278
0.277322159 0.277322159
0.276936372 0.276936372
0.276571151 0.276571151
0.276181518 0.276181518
0.275755558 0.275755558
0.275372267 0.275372267
0.274995017 0.274995017
0.274638294 0.274638294
0.274321201 0.274321201
0.273983246 0.273983246
0.273628839 0.273628839
0.273319453 0.273319453
0.273029759 0.273029759
0.272744159 0.272744159
0.272490512 0.272490512
0.272227405 0.272227405
0.271979178 0.271979178
0.271677532 0.271677532
0.271365904 0.271365904
0.271035604 0.271035604
0.270662972 0.270662972
0.27028135 0.27028135
0.269905564 0.269905564
0.269484052 0.269484052
0.269024451 0.269024451
0.268533637 0.268533637
0.26800761 0.26800761
0.267479861 0.267479861
0.266938361 0.266938361
0.266396293 0.266396293
0.265851177 0.265851177
0.265281249 0.265281249
0.264712584 0.264712584
0.264156446 0.264156446
0.263587723 0.263587723
0.262993512 0.262993512
0.262416079 0.262416079
0.261828685 0.261828685
0.261271477 0.261271477
0.260746871 0.260746871
0.26020819 0.26020819
0.259669902 0.259669902
0.259153517 0.259153517
0.258620557 0.258620557
0.258138428 0.258138428
0.257706487 0.257706487
0.25727232 0.25727232
0.25686078 0.25686078
0.256456999 0.256456999
0.256049832 0.256049832
0.25568594 0.25568594
0.255368339 0.255368339
0.25502029 0.25502029
0.254677233 0.254677233
0.254355998 0.254355998
0.254022559 0.254022559
0.253717977 0.253717977
0.253442283 0.253442283
0.253195411 0.253195411
0.252964293 0.252964293
0.252739782 0.252739782
0.25255409 0.25255409
0.252359779 0.252359779
0.252142321 0.252142321
0.252025687 0.252025687
0.251908745 0.251908745
0.25182278 0.25182278
0.251745401 0.251745401
0.251669601 0.251669601
0.251610821 0.251610821
0.251573303 0.251573303
0.251545945 0.251545945
0.251544268 0.251544268
0.251526628 0.251526628
0.251490729 0.251490729
0.251497481 0.251497481
0.251517374 0.251517374
0.25154664 0.25154664
0.25162255 0.25162255
0.251677599 0.251677599
0.251719112 0.251719112
0.251747246 0.251747246
0.251868889 0.251868889
0.251944001 0.251944001
0.251972083 0.251972083
0.252055405 0.252055405
0.252188016 0.252188016
0.252263484 0.252263484
0.252341344 0.252341344
0.252437934 0.252437934
0.25246755 0.25246755
0.252539483 0.252539483
0.252610014 0.252610014
0.252714483 0.252714483
0.252760641 0.252760641
0.252797385 0.252797385
0.252800899 0.252800899
0.252777213 0.252777213
0.252787018 0.252787018
0.252846193 0.252846193
0.252872205 0.252872205
0.25287543 0.25287543
0.252879048 0.252879048
0.252863479 0.252863479
0.252819387 0.252819387
0.252759199 0.252759199
0.252704038 0.252704038
0.252603663 0.252603663
0.252488983 0.252488983
0.252342709 0.252342709
0.252144581 0.252144581
0.25189264 0.25189264
0.251653136 0.251653136
0.251421199 0.251421199
0.251099685 0.251099685
0.250759879 0.250759879
0.25035388 0.25035388
0.249893313 0.249893313
0.249407695 0.249407695
0.248870121 0.248870121
0.248347419 0.248347419
0.247722611 0.247722611
0.247042852 0.247042852
0.246247009 0.246247009
0.24536279 0.24536279
0.244457748 0.244457748
0.243387074 0.243387074
0.242217734 0.242217734
0.241022485 0.241022485
0.23981706 0.23981706
0.238419493 0.238419493
0.236947621 0.236947621
0.235343741 0.235343741
0.233612019 0.233612019
0.231728006 0.231728006
0.229720346 0.229720346
0.227632774 0.227632774
0.225375733 0.225375733
0.222949931 0.222949931
0.22039032 0.22039032
0.217717566 0.217717566
0.214862717 0.214862717
0.211877626 0.211877626
0.208687221 0.208687221
0.205285911 0.205285911
0.201745146 0.201745146
0.198026325 0.198026325
0.194127344 0.194127344
0.190001295 0.190001295
0.185644819 0.185644819
0.181225051 0.181225051
0.176658328 0.176658328
0.171942166 0.171942166
0.167064442 0.167064442
0.162189852 0.162189852
0.157227108 0.157227108
0.152049776 0.152049776
0.146906643 0.146906643
0.141692019 0.141692019
0.136536124 0.136536124
0.13124275 0.13124275
0.126093337 0.126093337
0.120956455 0.120956455
0.115940232 0.115940232
0.11098774 0.11098774
0.105988115 0.105988115
0.101243062 0.101243062
0.096572046 0.096572046
0.092164048 0.092164048
0.087929054 0.087929054
0.083889373 0.083889373
0.079973394 0.079973394
0.076388959 0.076388959
0.073092225 0.073092225
0.06993331 0.06993331
0.067011387 0.067011387
0.064397878 0.064397878
0.06192787 0.06192787
0.059643549 0.059643549
0.057540261 0.057540261
0.055708332 0.055708332
0.054000442 0.054000442
0.052470477 0.052470477
0.051056474 0.051056474
0.049823933 0.049823933
0.048744759 0.048744759
0.047752399 0.047752399
0.046891375 0.046891375
0.046105072 0.046105072
0.045475842 0.045475842
0.044848797 0.044848797
0.044290782 0.044290782
0.043778187 0.043778187
0.043320931 0.043320931
0.042891732 0.042891732
0.042544596 0.042544596
0.042284569 0.042284569
0.04200132 0.04200132
0.041762139 0.041762139
0.041549635 0.041549635
0.041330285 0.041330285
0.041168136 0.041168136
0.041084442 0.041084442
0.040989629 0.040989629
0.04088816 0.04088816
0.0408435 0.0408435
0.04082585 0.04082585
0.040851166 0.040851166
0.040847403 0.040847403
0.040856035 0.040856035
0.040893628 0.040893628
0.040901938 0.040901938
0.040975782 0.040975782
0.041135101 0.041135101
0.041265599 0.041265599
0.041415274 0.041415274
0.041557954 0.041557954
0.041701805 0.041701805
0.041816735 0.041816735
0.042003796 0.042003796
0.042244474 0.042244474
0.042442368 0.042442368
0.042642236 0.042642236
0.042874655 0.042874655
0.04308557 0.04308557
0.043323979 0.043323979
0.043598456 0.043598456
0.04390975 0.04390975
0.044220197 0.044220197
0.044537089 0.044537089
0.04485298 0.04485298
0.045183664 0.045183664
0.045526427 0.045526427
0.045847071 0.045847071
0.04621239 0.04621239
0.046650089 0.046650089
0.047043705 0.047043705
0.047426963 0.047426963
0.047810132 0.047810132
0.048216904 0.048216904
0.048609154 0.048609154
0.049032978 0.049032978
0.049513424 0.049513424
0.049948967 0.049948967
0.05034006 0.05034006
0.050791353 0.050791353
0.051275951 0.051275951
0.051741483 0.051741483
0.052216377 0.052216377
0.052720615 0.052720615
0.053218325 0.053218325
0.053691683 0.053691683
0.054195772 0.054195772
0.054717894 0.054717894
0.055266925 0.055266925
0.055844142 0.055844142
0.056403941 0.056403941
0.056977625 0.056977625
0.057564659 0.057564659
0.058150221 0.058150221
0.058730009 0.058730009
0.059316333 0.059316333
0.059919268 0.059919268
0.06054073 0.06054073
0.061165439 0.061165439
0.061786519 0.061786519
0.062422498 0.062422498
0.063078016 0.063078016
0.063757495 0.063757495
0.064394439 0.064394439
0.064995693 0.064995693
0.065661896 0.065661896
0.066342551 0.066342551
0.067012622 0.067012622
0.067670167 0.067670167
0.068378175 0.068378175
0.069062871 0.069062871
0.069689001 0.069689001
0.070350672 0.070350672
0.071053521 0.071053521
0.07175081 0.07175081
0.072426291 0.072426291
0.073119572 0.073119572
0.073859161 0.073859161
0.074573559 0.074573559
0.0752787 0.0752787
0.0759774 0.0759774
0.076658497 0.076658497
0.077319234 0.077319234
0.07798784 0.07798784
0.078647744 0.078647744
0.07930381 0.07930381
0.079942155 0.079942155
0.080609649 0.080609649
0.081296387 0.081296387
0.081965446 0.081965446
0.082635828 0.082635828
0.083334662 0.083334662
0.083991175 0.083991175
0.084620068 0.084620068
0.085245565 0.085245565
0.085852063 0.085852063
0.086471009 0.086471009
0.087079766 0.087079766
0.087694145 0.087694145
0.088329287 0.088329287
0.088941681 0.088941681
0.08955099 0.08955099
0.090139585 0.090139585
0.090713328 0.090713328
0.091262406 0.091262406
0.091831471 0.091831471
0.092398502 0.092398502
0.092951098 0.092951098
0.093512073 0.093512073
0.0940545 0.0940545
0.094576493 0.094576493
0.095092015 0.095092015
0.095597486 0.095597486
0.096100748 0.096100748
0.096583292 0.096583292
0.097076177 0.097076177
0.097571694 0.097571694
0.098075949 0.098075949
0.098567655 0.098567655
0.099071788 0.099071788
0.099530902 0.099530902
0.099955294 0.099955294
0.100401416 0.100401416
0.100823883 0.100823883
0.101260674 0.101260674
0.101710168 0.101710168
0.102163689 0.102163689
0.102616991 0.102616991
0.103075068 0.103075068
0.103556093 0.103556093
0.104020528 0.104020528
0.104484981 0.104484981
0.104952794 0.104952794
0.105393081 0.105393081
0.105794626 0.105794626
0.106255306 0.106255306
0.106740529 0.106740529
0.10719316 0.10719316
0.107658248 0.107658248
0.108131704 0.108131704
0.10860175 0.10860175
0.109041943 0.109041943
0.109463559 0.109463559
0.109921867 0.109921867
0.110381855 0.110381855
0.110818487 0.110818487
0.111245373 0.111245373
0.111695977 0.111695977
0.112148362 0.112148362
0.112573159 0.112573159
0.112997081 0.112997081
0.113454084 0.113454084
0.113890145 0.113890145
0.11428699 0.11428699
0.11468878 0.11468878
0.115075468 0.115075468
0.115509882 0.115509882
0.115989254 0.115989254
0.116415233 0.116415233
0.116840397 0.116840397
0.117313554 0.117313554
0.11771426 0.11771426
0.118018449 0.118018449
0.118406845 0.118406845
0.118819289 0.118819289
0.119226104 0.119226104
0.119681335 0.119681335
0.120081468 0.120081468
0.120432646 0.120432646
0.120814711 0.120814711
0.121204945 0.121204945
0.121569221 0.121569221
0.121926621 0.121926621
0.122300989 0.122300989
0.122658178 0.122658178
0.122984384 0.122984384
0.123320656 0.123320656
0.123662717 0.123662717
0.124007328 0.124007328
0.124355543 0.124355543
0.12467367 0.12467367
0.124974873 0.124974873
0.125304251 0.125304251
0.12561856 0.12561856
0.125935471 0.125935471
0.126313888 0.126313888
0.126635195 0.126635195
0.126917414 0.126917414
0.12718179 0.12718179
0.127436643 0.127436643
0.12765205 0.12765205
0.12790857 0.12790857
0.128182689 0.128182689
0.128432028 0.128432028
0.128690606 0.128690606
0.128926809 0.128926809
0.129123897 0.129123897
0.129347119 0.129347119
0.129573589 0.129573589
0.129813508 0.129813508
0.130079849 0.130079849
0.13031659 0.13031659
0.130547628 0.130547628
0.130760666 0.130760666
0.130996902 0.130996902
0.131260801 0.131260801
0.131541932 0.131541932
0.131881047 0.131881047
0.132170254 0.132170254
0.132442439 0.132442439
0.132727519 0.132727519
0.133001678 0.133001678
0.133287674 0.133287674
0.133570988 0.133570988
0.133882636 0.133882636
0.134210848 0.134210848
0.134545022 0.134545022
0.13492402 0.13492402
0.13527028 0.13527028
0.135609923 0.135609923
0.13593694 0.13593694
0.136225987 0.136225987
0.136491164 0.136491164
0.1367584 0.1367584
0.13698621 0.13698621
0.137252826 0.137252826
0.137542582 0.137542582
0.137816866 0.137816866
0.13810894 0.13810894
0.138371829 0.138371829
0.138617335 0.138617335
0.138847189 0.138847189
0.139055974 0.139055974
0.139264306 0.139264306
0.139457678 0.139457678
0.139652375 0.139652375
0.139851821 0.139851821
0.140036472 0.140036472
0.140202842 0.140202842
0.14036549 0.14036549
0.140576555 0.140576555
0.140782364 0.140782364
0.140932715 0.140932715
0.14104702 0.14104702
0.141227033 0.141227033
0.141395269 0.141395269
0.141558396 0.141558396
0.141772456 0.141772456
0.141975868 0.141975868
0.142120717 0.142120717
0.142317709 0.142317709
0.142584085 0.142584085
0.142817616 0.142817616
0.1430546 0.1430546
0.143269726 0.143269726
0.143451414 0.143451414
0.143668394 0.143668394
0.14390522 0.14390522
0.144108181 0.144108181
0.144318333 0.144318333
0.144585584 0.144585584
0.144799311 0.144799311
0.145017314 0.145017314
0.145266664 0.145266664
0.145554092 0.145554092
0.145786965 0.145786965
0.14601006 0.14601006
0.146247806 0.146247806
0.146463148 0.146463148
0.146693673 0.146693673
0.146962918 0.146962918
0.14719609 0.14719609
0.147367565 0.147367565
0.147608437 0.147608437
0.147918902 0.147918902
0.148155419 0.148155419
0.148389105 0.148389105
0.148617591 0.148617591
0.148805035 0.148805035
0.148953069 0.148953069
0.149182319 0.149182319
0.149446313 0.149446313
0.149631769 0.149631769
0.14981751 0.14981751
0.150005469 0.150005469
0.150158932 0.150158932
0.150327444 0.150327444
0.150534099 0.150534099
0.150689745 0.150689745
0.150808285 0.150808285
0.150948078 0.150948078
0.15106689 0.15106689
0.151193539 0.151193539
0.151364403 0.151364403
0.151469372 0.151469372
0.151550621 0.151550621
0.15160383 0.15160383
0.151593141 0.151593141
0.151604428 0.151604428
0.15164275 0.15164275
0.151618456 0.151618456
0.151593871 0.151593871
0.151479038 0.151479038
0.151372097 0.151372097
0.15126843 0.15126843
0.151100529 0.151100529
0.15091383 0.15091383
0.150745638 0.150745638
0.150501837 0.150501837
0.150180741 0.150180741
0.149817035 0.149817035
0.149483887 0.149483887
0.149066875 0.149066875
0.148655112 0.148655112
0.148308033 0.148308033
0.147890639 0.147890639
0.147386687 0.147386687
0.146883339 0.146883339
0.146370598 0.146370598
0.145868987 0.145868987
0.145329798 0.145329798
0.144788942 0.144788942
0.144250895 0.144250895
0.143748772 0.143748772
0.143267235 0.143267235
0.14274087 0.14274087
0.142180344 0.142180344
0.141691357 0.141691357
0.141184951 0.141184951
0.140741951 0.140741951
0.140284036 0.140284036
0.139832369 0.139832369
0.139414142 0.139414142
0.138940652 0.138940652
0.138481905 0.138481905
0.138113966 0.138113966
0.137693463 0.137693463
0.137188378 0.137188378
0.136765427 0.136765427
0.13640443 0.13640443
0.136044189 0.136044189
0.135727496 0.135727496
0.135327854 0.135327854
0.13489056 0.13489056
0.13449245 0.13449245
0.134029826 0.134029826
0.133647125 0.133647125
0.1333822 0.1333822
0.133035593 0.133035593
0.132626271 0.132626271
0.132295622 0.132295622
0.131999095 0.131999095
0.131680561 0.131680561
0.131390057 0.131390057
0.131102278 0.131102278
0.130825801 0.130825801
0.130501311 0.130501311
0.130163973 0.130163973
0.129839713 0.129839713
0.129507715 0.129507715
0.129102748 0.129102748
0.128754141 0.128754141
0.128451843 0.128451843
0.127975572 0.127975572
0.12747847 0.12747847
0.127070388 0.127070388
0.1266074 0.1266074
0.126172139 0.126172139
0.12576912 0.12576912
0.125290878 0.125290878
0.124768848 0.124768848
0.124249396 0.124249396
0.123730276 0.123730276
0.12321258 0.12321258
0.122677296 0.122677296
0.122118269 0.122118269
0.121561613 0.121561613
0.121011256 0.121011256
0.120409741 0.120409741
0.119845472 0.119845472
0.119348119 0.119348119
0.118793938 0.118793938
0.118148155 0.118148155
0.117647799 0.117647799
0.117193405 0.117193405
0.116757678 0.116757678
0.116395318 0.116395318
0.116075423 0.116075423
0.115812532 0.115812532
0.115522653 0.115522653
0.115253833 0.115253833
0.115037553 0.115037553
0.114866376 0.114866376
0.114612756 0.114612756
0.114356803 0.114356803
0.11413866 0.11413866
0.113886047 0.113886047
0.113604606 0.113604606
0.113405607 0.113405607
0.113131661 0.113131661
0.112719478 0.112719478
0.112370087 0.112370087
0.112057807 0.112057807
0.111682008 0.111682008
0.111397856 0.111397856
0.111128659 0.111128659
0.110645778 0.110645778
0.11019895 0.11019895
0.10987319 0.10987319
0.109437098 0.109437098
0.109138243 0.109138243
0.108988798 0.108988798
0.108613666 0.108613666
0.108136361 0.108136361
0.107717518 0.107717518
0.107333704 0.107333704
0.106977129 0.106977129
0.10656248 0.10656248
0.106107168 0.106107168
0.105694367 0.105694367
0.105307469 0.105307469
0.104992122 0.104992122
0.104762113 0.104762113
0.104493415 0.104493415
0.104154192 0.104154192
0.103832601 0.103832601
0.103564356 0.103564356
0.103330391 0.103330391
0.103070578 0.103070578
0.102876189 0.102876189
0.102586208 0.102586208
0.102162208 0.102162208
0.101899687 0.101899687
0.101766709 0.101766709
0.101456103 0.101456103
0.101120268 0.101120268
0.100815058 0.100815058
0.100366795 0.100366795
0.099978141 0.099978141
0.099718585 0.099718585
0.099423565 0.099423565
0.099076801 0.099076801
0.098678017 0.098678017
0.098315736 0.098315736
0.097885039 0.097885039
0.097297823 0.097297823
0.096850066 0.096850066
0.096471707 0.096471707
0.096050562 0.096050562
0.095648843 0.095648843
0.095264227 0.095264227
0.094925018 0.094925018
0.094468141 0.094468141
0.093956057 0.093956057
0.093477321 0.093477321
0.092874207 0.092874207
0.09240219 0.09240219
0.092036059 0.092036059
0.091614749 0.091614749
0.091283556 0.091283556
0.090849389 0.090849389
0.090341852 0.090341852
0.089850903 0.089850903
0.089253068 0.089253068
0.088752457 0.088752457
0.088346972 0.088346972
0.087891276 0.087891276
0.087390682 0.087390682
0.087001392 0.087001392
0.086736788 0.086736788
0.086298637 0.086298637
0.085843145 0.085843145
0.085398158 0.085398158
0.084953171 0.084953171
0.0 0.0
0.0 0.0
0.0 0.0
0.0 0.0
0.0 0.0
0.0 0.0
0.0 0.0
0.0 0.0
0.0 0.0
0.0 0.0
0.0 0.0
0.0 0.0
0.0 0.0
0.0 0.0
0.0 0.0
0.0 0.0
0.0 0.0
0.0 0.0
0.0 0.0
0.0 0.0
0.0 0.0
0.0 0.0
0.0 0.0
0.0 0.0
0.0 0.0
0.0 0.0
0.0 0.0
0.0 0.0
0.0 0.0
0.0 0.0
0.0 0.0
0.0 0.0
0.0 0.0
0.0 0.0
0.0 0.0
0.0 0.0
0.0 0.0
0.0 0.0
0.0 0.0
0.0 0.0
0.0 0.0
0.0 0.0
0.0 0.0
0.0 0.0
0.0 0.0
0.0 0.0
0.0 0.0
0.0 0.0
0.0 0.0
0.0 0.0
0.0 0.0
0.0 0.0
0.0 0.0
0.0 0.0
0.0 0.0
0.0 0.0
0.0 0.0
0.0 0.0
0.0 0.0
0.0 0.0
0.0 0.0
0.0 0.0
0.0 0.0
0.0 0.0
0.0 0.0
0.0 0.0
0.0 0.0
0.0 0.0
0.0 0.0
0.0 0.0
0.0 0.0
0.0 0.0
0.0 0.0
0.0 0.0
0.0 0.0
0.0 0.0
0.0 0.0
0.0 0.0
0.0 0.0
0.0 0.0
0.0 0.0
0.0 0.0
0.0 0.0
0.0 0.0
0.0 0.0
0.0 0.0
0.0 0.0
0.0 0.0
0.0 0.0
0.0 0.0
0.0 0.0
0.0 0.0
0.0 0.0
0.0 0.0
0.0 0.0
0.0 0.0
0.0 0.0
0.0 0.0
0.0 0.0
0.0 0.0
